15.97
66.27
7.77
80.38
76.3
29.4
43.49
85.31
25.95
5.77
62.37
62.08
19.11
64.23
73.18
89.47
0.37
41.69
25.89
73.49
89.39
25.99
40.23
94.69
42.21
48.97
50.16
0.29
18.82
48.09
14.88
34.79
14.37
86.17
78.69
54.19
15.57
22.18
3.02
5.04
91.47
65.4
67.12
10.59
29.63
40.31
0.06
93.52
45.52
89.47
30.53
34.92
15.46
34.29
93.13
21.19
83.26
6.81
21.48
2.08
54.91
36.36
0.39
32.8
86.05
79.09
50.51
65.14
1.27
53.54
70.18
56.27
18.94
37.31
66.86
12.09
41.14
30.44
69.14
86.66
19.91
99.67
85.1
98.89
97.48
78.23
20.08
